"stimulation" "img" "nucleus" "size" "elongation" "x" "y" "z" "mean" "sigma" "threshold" "otsu"
"no" "cells_no-est/ip_cas-fitc_wap-cy5.mdb/20070604_28.lsm" 1 4.71244593358 565.742147527 301 240 18 91.919101102 19.8293052516 50 46
"no" "cells_no-est/ip_cas-fitc_wap-cy5.mdb/20070604_29.lsm" 1 1.81404957495 588.313263735 279 128 27 124.672843731 22.3767301332 66 61
"no" "cells_no-est/ip_cas-fitc_wap-cy5.mdb/20070604_29.lsm" 2 2.32720758963 545.927313859 297 407 28 120.432954469 22.1624142225 66 61
"no" "cells_no-est/ip_cas-fitc_wap-cy5.mdb/20070604_30.lsm" 1 2.48943910805 481.835126561 252 221 17 81.4297578833 15.1103179001 44 40
"no" "cells_no-est/ip_cas-fitc_wap-cy5.mdb/20070604_31.lsm" 1 1.23817206882 654.508781012 292 105 25 115.36294165 18.8468677199 63 60
"no" "cells_no-est/ip_cas-fitc_wap-cy5.mdb/20070604_31.lsm" 2 1.27191680026 519.654522559 259 372 26 127.106907054 23.3259853012 63 60
"no" "cells_no-est/ip_cas-fitc_wap-cy5.mdb/20070604_32.lsm" 2 1.54245204021 515.559253611 109 90 21 143.696196701 23.2917907336 80 73
"no" "cells_no-est/ip_cas-fitc_wap-cy5.mdb/20070604_32.lsm" 3 1.67290184085 471.66032839 202 414 22 124.37892935 19.3779390497 80 73
"no" "cells_no-est/ip_cas-fitc_wap-cy5.mdb/20070604_32.lsm" 4 1.9053015904 462.947465731 409 186 23 151.704800231 27.6980714354 80 73
"no" "cells_no-est/ip_cas-fitc_wap-cy5.mdb/20070604_33.lsm" 1 1.33274255038 555.001472238 408 394 29 156.776101712 28.3961519036 82 80
"no" "cells_no-est/ip_cas-fitc_wap-cy5.mdb/20070604_33.lsm" 2 1.28108586238 528.927513398 84 220 30 163.480572678 31.1316301007 82 80
"no" "cells_no-est/ip_cas-fitc_wap-cy5.mdb/20070604_33.lsm" 3 1.434580021 566.779214261 282 339 30 153.584815901 27.1028581267 82 80
"no" "cells_no-est/ip_cas-fitc_wap-cy5.mdb/20070604_34.lsm" 1 1.2452705587 494.857260047 341 314 32 152.300828343 29.842979083 76 72
"no" "cells_no-est/ip_cas-fitc_wap-cy5.mdb/20070604_34.lsm" 2 1.65490317485 579.946547539 94 322 32 142.445169762 26.0290495889 76 72
"no" "cells_no-est/ip_cas-fitc_wap-cy5.mdb/20070604_34.lsm" 3 2.82467035049 642.549443853 387 163 37 130.75699827 23.0963248579 76 72
"no" "cells_no-est/ip_cas-fitc_wap-cy5.mdb/20070604_35.lsm" 1 1.23829457894 549.909057226 89 313 29 135.363500801 23.7987797752 72 69
"no" "cells_no-est/ip_cas-fitc_wap-cy5.mdb/20070604_35.lsm" 2 1.43739292301 576.737268012 410 229 31 141.454810745 27.0505562453 72 69
"no" "cells_no-est/ip_cas-fitc_wap-cy5.mdb/20070604_36.lsm" 1 1.21939301785 598.580131234 120 194 35 119.632276946 21.265092467 65 62
"no" "cells_no-est/ip_cas-fitc_wap-cy5.mdb/20070604_36.lsm" 2 1.52599933607 551.12500983 399 309 37 120.222334643 21.9051011885 65 62
"no" "cells_no-est/ip_cas-fitc_wap-cy5.mdb/20070604_36.lsm" 3 1.42941036327 556.34341581 228 318 35 122.031110183 21.8315653368 65 62
"no" "cells_no-est/ip_cas-fitc_wap-cy5.mdb/20070604_38.lsm" 1 5.63161212566 360.074670519 151 338 12 122.279730493 27.8819398156 68 63
"no" "cells_no-est/ip_cas-fitc_wap-cy5.mdb/20070604_38.lsm" 2 5.0571500192 381.144744019 396 164 12 129.751169322 33.4314450769 68 63
"no" "cells_no-est/ip_cas-fitc_wap-cy5.mdb/20070604_39.lsm" 1 1.76541896906 492.721216066 142 210 25 134.731947163 25.2023879036 69 66
"no" "cells_no-est/ip_cas-fitc_wap-cy5.mdb/20070604_39.lsm" 2 1.91749625853 519.841957822 389 210 27 126.92461319 22.9903784288 69 66
"no" "cells_no-est/ip_cas-fitc_wap-cy5.mdb/20070604_40.lsm" 1 1.48470713434 518.216127555 308 245 24 148.399725206 25.7110235553 78 75
"no" "cells_no-est/ip_cas-fitc_wap-cy5.mdb/20070604_41.lsm" 1 1.75966008152 577.241544556 310 236 24 127.15270437 22.2514307143 67 64
"no" "cells_no-est/ip_cas-fitc_wap-cy5.mdb/20070604_42.lsm" 1 1.80993608385 622.608948282 235 94 23 128.211821522 24.358897805 68 63
"no" "cells_no-est/ip_cas-fitc_wap-cy5.mdb/20070604_42.lsm" 2 2.1056855465 392.679087872 309 398 25 123.211363183 24.0020464733 68 63
"no" "cells_no-est/ip_cas-fitc_wap-cy5.mdb/20070604_43.lsm" 1 1.72312622977 609.384455321 416 200 26 145.228068934 25.6051444799 79 75
"no" "cells_no-est/ip_cas-fitc_wap-cy5.mdb/20070604_43.lsm" 4 1.96079881319 575.081597023 97 367 27 147.83980283 26.6446310101 79 75
"no" "cells_no-est/ip_cas-fitc_wap-cy5.mdb/20070604_44.lsm" 1 1.41704626519 502.616431647 81 378 25 115.595989933 23.3823563686 58 55
"no" "cells_no-est/ip_cas-fitc_wap-cy5.mdb/20070604_44.lsm" 2 1.84848292336 562.365381618 103 107 29 114.164512259 23.3580845585 58 55
"no" "cells_no-est/ip_cas-fitc_wap-cy5.mdb/20070604_44.lsm" 3 2.63179595641 563.940274547 413 370 32 99.8754817991 19.0065817596 58 55
"no" "cells_no-est/ip_cas-fitc_wap-cy5.mdb/20070604_45.lsm" 1 1.4740387852 551.793008019 409 298 30 151.468666791 30.3522856807 75 71
"no" "cells_no-est/ip_cas-fitc_wap-cy5.mdb/20070604_45.lsm" 2 2.02494216956 581.309893527 183 75 33 141.338236891 26.6789436336 75 71
"no" "cells_no-est/ip_cas-fitc_wap-cy5.mdb/20070604_45.lsm" 3 2.26234918255 605.233894545 194 446 32 125.578291317 21.0871285502 75 71
"no" "cells_no-est/ip_cas-fitc_wap-cy5.mdb/20070604_371.lsm" 1 2.78975869447 552.737557305 319 229 21 110.626005592 21.2785713867 60 56
"no" "cells_no-est/ip_cas-fitc_wap-cy5.mdb/wap_cas_20070320_17m2.lsm" 1 1.83313554323 487.638660692 234 140 34 111.890555127 26.2894501931 54 46
"no" "cells_no-est/ip_cas-fitc_wap-cy5.mdb/wap_cas_20070320_17m2.lsm" 2 3.38077301353 558.803682877 273 348 36 73.4348534551 13.1087342177 54 46
"no" "cells_no-est/ip_cas-fitc_wap-cy5.mdb/wap_cas_20070320_5m2.lsm" 1 1.18409049668 484.169869785 272 246 24 189.641339932 36.1462525891 97 93
"no" "cells_no-est/ip_cas-fitc_wap-cy5.mdb/wap_cas_20070320_11m2.lsm" 1 3.13411457428 505.392248541 304 233 16 63.122957242 13.6718665147 35 32
"no" "cells_no-est/ip_cas-fitc_wap-cy5.mdb/wap_cas_20070320_18m2.lsm" 1 1.0472972973 485.25589989 134 99 33 112.233660958 22.5135454884 56 53
"no" "cells_no-est/ip_cas-fitc_wap-cy5.mdb/wap_cas_20070320_18m2.lsm" 2 2.14119038024 434.423829714 116 282 42 105.047260441 22.4168329868 56 53
"no" "cells_no-est/ip_cas-fitc_wap-cy5.mdb/wap_cas_20070320_18m2.lsm" 3 1.7698134773 475.833492932 399 348 39 100.28328794 20.159477882 56 53
"no" "cells_no-est/ip_cas-fitc_wap-cy5.mdb/wap_cas_20070320_6m1.lsm" 2 1.87504091808 604.976415397 370 235 35 137.460589817 30.3393564727 69 60
"no" "cells_no-est/ip_cas-fitc_wap-cy5.mdb/wap_cas_20070320_6m1.lsm" 3 2.30429415874 648.549292132 131 242 35 113.192680702 20.8478674316 69 60
"no" "cells_no-est/ip_cas-fitc_wap-cy5.mdb/wap_cas_20070320_12m2.lsm" 1 2.16544836092 468.048194685 278 224 19 54.154305557 11.8767182689 30 27
"no" "cells_no-est/ip_cas-fitc_wap-cy5.mdb/wap_cas_20070320_7m2.lsm" 1 2.69441284603 619.08233271 299 268 24 136.642711982 28.1164918145 77 68
"no" "cells_no-est/ip_cas-fitc_wap-cy5.mdb/wap_cas_20070320_13m2.lsm" 1 4.10295478912 568.902977145 249 270 17 73.8286647729 17.030064415 41 37
"no" "cells_no-est/ip_cas-fitc_wap-cy5.mdb/wap_cas_20070320_1m1.lsm" 1 2.46476889425 654.079417646 290 254 14 173.766938958 36.4156570322 94 89
"no" "cells_no-est/ip_cas-fitc_wap-cy5.mdb/wap_cas_20070320_1m2.lsm" 1 2.34515263213 685.733559343 296 251 13 193.374665786 38.4129291493 103 97
"no" "cells_no-est/ip_cas-fitc_wap-cy5.mdb/wap_cas_20070320_8m2.lsm" 1 3.26824485443 568.30410156 255 276 21 145.786800485 31.4364104357 81 73
"no" "cells_no-est/ip_cas-fitc_wap-cy5.mdb/wap_cas_20070320_14m2.lsm" 1 2.17434920562 508.071686445 296 225 25 88.6295213808 17.5550580475 49 44
"no" "cells_no-est/ip_cas-fitc_wap-cy5.mdb/20070320_19.lsm" 1 2.36561802692 445.607457535 299 222 20 186.333498642 37.5458753737 98 93
"no" "cells_no-est/ip_cas-fitc_wap-cy5.mdb/20070320_20.lsm" 1 2.57043679483 548.578738964 297 259 20 99.4274182673 20.5751014281 56 50
"no" "cells_no-est/ip_cas-fitc_wap-cy5.mdb/20070320_21.lsm" 1 1.96224163792 519.36804396 370 195 22 111.718302167 22.6374897565 63 58
"no" "cells_no-est/ip_cas-fitc_wap-cy5.mdb/20070320_21.lsm" 2 1.79872150143 486.72874511 122 296 22 118.214584641 24.9287762977 63 58
"no" "cells_no-est/ip_cas-fitc_wap-cy5.mdb/20070320_22.lsm" 1 2.57095336171 500.568555598 403 225 20 104.718109479 23.5391798164 55 49
"no" "cells_no-est/ip_cas-fitc_wap-cy5.mdb/20070320_22.lsm" 2 3.1481061572 509.058868426 100 131 21 91.800118687 17.774531266 55 49
"no" "cells_no-est/ip_cas-fitc_wap-cy5.mdb/20070320_22.lsm" 3 3.27053250776 487.783669864 296 429 21 102.406039499 23.303309962 55 49
"no" "cells_no-est/ip_cas-fitc_wap-cy5.mdb/20070320_23.lsm" 1 2.35095326716 577.597279917 265 272 20 53.446064107 11.1420860534 30 27
"no" "cells_no-est/ip_cas-fitc_wap-cy5.mdb/20070320_24.lsm" 1 1.8981160942 501.954017321 174 423 23 127.473794314 27.653389095 66 58
"no" "cells_no-est/ip_cas-fitc_wap-cy5.mdb/20070320_24.lsm" 2 2.72962923159 569.037465781 348 128 26 108.62392758 20.4825343444 66 58
"no" "cells_no-est/ip_cas-fitc_wap-cy5.mdb/20070320_25.lsm" 2 2.24809906172 553.850584714 333 122 23 130.527763046 27.1823608435 69 62
"no" "cells_no-est/ip_cas-fitc_wap-cy5.mdb/20070320_25.lsm" 3 3.00376261188 507.074648346 252 389 25 115.800216739 24.0959337486 69 62
"no" "cells_no-est/ip_cas-fitc_wap-cy5.mdb/20070320_26.lsm" 1 2.88021162143 566.692549662 345 323 22 107.63788423 19.6896081316 67 61
"no" "cells_no-est/ip_cas-fitc_wap-cy5.mdb/20070320_26.lsm" 2 2.49191862908 481.78357757 116 207 22 137.534874092 33.0593518288 67 61
"no" "cells_no-est/ip_cas-fitc_wap-cy5.mdb/20070320_27.lsm" 1 1.20670023166 490.630862866 154 242 27 111.089204466 22.0394142007 55 49
"no" "cells_no-est/ip_cas-fitc_wap-cy5.mdb/20070320_27.lsm" 2 1.45270761168 535.263820045 250 123 27 106.072480834 20.6837425757 55 49
"no" "cells_no-est/ip_cas-fitc_wap-cy5.mdb/20070320_27.lsm" 3 2.47555379032 517.697754774 376 383 32 83.0588103186 13.6876510685 55 49
"no" "cells_no-est/ip_cas-fitc_wap-cy5.mdb/wap_cas_20070320_1.lsm" 1 2.24832014063 452.267597797 268 255 17 9.64374182952 5.2523833166 7 4
"no" "cells_no-est/ip_cas-fitc_wap-cy5.mdb/wap_cas_20070320_2m1.lsm" 1 2.12921196883 584.267651179 300 249 14 134.05595727 28.4661360426 76 67
"no" "cells_no-est/ip_cas-fitc_wap-cy5.mdb/wap_cas_20070320_2m2.lsm" 1 2.6097552998 640.456476161 298 241 12 155.295086578 31.6714008764 87 80
"no" "cells_no-est/ip_cas-fitc_wap-cy5.mdb/wap_cas_20070320_9m2.lsm" 1 2.96524148169 460.250451967 275 217 15 90.7948589193 20.4945673858 51 45
"no" "cells_no-est/ip_cas-fitc_wap-cy5.mdb/wap_cas_20070320_15m2.lsm" 1 1.30918710065 624.830668026 259 281 31 89.3701198816 16.5835654246 51 44
"no" "cells_no-est/ip_cas-fitc_wap-cy5.mdb/wap_cas_20070320_3m1.lsm" 1 2.22828967167 530.165912309 302 227 11 111.079447114 23.5522705871 63 55
"no" "cells_no-est/ip_cas-fitc_wap-cy5.mdb/wap_cas_20070320_16m2.lsm" 1 1.10834589771 563.597407247 254 390 30 91.2158442416 16.8076742999 49 45
"no" "cells_no-est/ip_cas-fitc_wap-cy5.mdb/wap_cas_20070320_16m2.lsm" 2 2.27407499626 549.551163875 298 142 39 88.1341421862 17.9876302111 49 45
"no" "cells_no-est/ip_cas-fitc_wap-cy5.mdb/wap_cas_20070320_4m1.lsm" 1 1.63871632356 509.887928036 286 253 15 150.231070498 28.0225584455 82 75
"no" "cells_no-est/ip_cas-fitc_wap-cy5.mdb/wap_cas_20070320_10m2.lsm" 1 1.14662728327 611.730468579 267 230 27 137.153651902 24.13261431 74 68
"yes" "cells_est/ip_cas-fitc_wap-cy5.mdb/20070410_01.lsm" 1 2.46658439253 451.088212175 315 247 23 86.3236074718 18.4182327167 49 43
"yes" "cells_est/ip_cas-fitc_wap-cy5.mdb/20070410_02.lsm" 1 1.51440745766 418.716660164 309 399 25 131.913573531 28.5525882144 67 60
"yes" "cells_est/ip_cas-fitc_wap-cy5.mdb/20070410_02.lsm" 2 2.18470597421 423.702885285 272 115 28 110.984548655 20.8030926331 67 60
"yes" "cells_est/ip_cas-fitc_wap-cy5.mdb/20070410_03.lsm" 1 2.57438965444 456.996737192 377 346 30 123.016700321 28.3135421187 67 59
"yes" "cells_est/ip_cas-fitc_wap-cy5.mdb/20070410_03.lsm" 2 3.21345924705 484.018346272 143 195 30 116.388426868 24.0666300792 67 59
"yes" "cells_est/ip_cas-fitc_wap-cy5.mdb/20070410_04.lsm" 1 2.2976894822 471.492409222 242 295 24 121.487905696 26.6530467414 70 61
"yes" "cells_est/ip_cas-fitc_wap-cy5.mdb/20070410_05.lsm" 1 3.24935326568 538.049733786 284 253 16 74.6737018222 18.1043378815 45 36
"yes" "cells_est/ip_cas-fitc_wap-cy5.mdb/20070410_06.lsm" 1 2.12041797911 483.504732947 335 254 21 97.6912015678 21.5577305455 58 48
"yes" "cells_est/ip_cas-fitc_wap-cy5.mdb/20070410_07.lsm" 1 1.65879956503 513.986814867 247 136 24 96.0675169078 22.4969599049 52 44
"yes" "cells_est/ip_cas-fitc_wap-cy5.mdb/20070410_07.lsm" 2 3.35627965803 465.535267039 266 379 29 82.327658207 18.1809319534 52 44
"yes" "cells_est/ip_cas-fitc_wap-cy5.mdb/20070410_08.lsm" 1 2.06458077097 547.386205157 403 179 21 80.9051294406 16.1862584422 53 43
"yes" "cells_est/ip_cas-fitc_wap-cy5.mdb/20070410_08.lsm" 2 2.25792268787 433.557816461 95 257 23 100.389781953 24.0951556066 53 43
"yes" "cells_est/ip_cas-fitc_wap-cy5.mdb/20070410_09.lsm" 2 1.80328801742 460.552187021 93 119 25 109.724804535 24.547283873 60 51
"yes" "cells_est/ip_cas-fitc_wap-cy5.mdb/20070410_09.lsm" 3 2.27353004658 450.894026359 387 158 28 95.6195882955 20.2571671971 60 51
"yes" "cells_est/ip_cas-fitc_wap-cy5.mdb/20070410_09.lsm" 4 2.17404403381 429.985054977 252 409 28 87.0579984415 16.5198495171 60 51
"yes" "cells_est/ip_cas-fitc_wap-cy5.mdb/20070410_10.lsm" 1 1.58005339734 436.664747896 403 353 24 91.7633081367 19.2407938383 52 45
"yes" "cells_est/ip_cas-fitc_wap-cy5.mdb/20070410_10.lsm" 2 2.62378406535 413.872799623 121 197 28 90.4740219416 19.492412424 52 45
"yes" "cells_est/ip_cas-fitc_wap-cy5.mdb/20070410_11.lsm" 1 2.06154462278 465.424238443 341 112 21 95.3993957275 22.1203672868 49 41
"yes" "cells_est/ip_cas-fitc_wap-cy5.mdb/20070410_11.lsm" 2 3.61514165293 473.677951548 192 346 25 73.1077522504 17.2855663095 49 41
"yes" "cells_est/ip_cas-fitc_wap-cy5.mdb/20070410_12.lsm" 1 2.97542522875 540.291437696 365 364 17 89.3556703249 20.5113079197 52 45
"yes" "cells_est/ip_cas-fitc_wap-cy5.mdb/20070410_12.lsm" 2 3.37710763463 532.308197692 151 133 19 88.1806539723 18.5146823446 52 45
"yes" "cells_est/ip_cas-fitc_wap-cy5.mdb/20070410_15.lsm" 1 1.6937904528 510.545346445 94 230 23 159.305907803 34.6017167596 82 72
"yes" "cells_est/ip_cas-fitc_wap-cy5.mdb/20070410_15.lsm" 2 3.93389554053 555.417396782 367 308 27 132.181604694 26.9014369025 82 72
"yes" "cells_est/ip_cas-fitc_wap-cy5.mdb/20070410_16.lsm" 1 2.380340183 722.30215699 244 289 19 140.801034405 29.3525011326 84 71
"yes" "cells_est/ip_cas-fitc_wap-cy5.mdb/20070410_17.lsm" 1 2.51003820579 583.787836715 282 232 21 163.168285097 33.2752107901 95 81
"yes" "cells_est/ip_cas-fitc_wap-cy5.mdb/20070410_18.lsm" 1 1.171875 501.235611391 330 103 29 210.186615652 38.2037653794 103 93
"yes" "cells_est/ip_cas-fitc_wap-cy5.mdb/20070410_18.lsm" 2 2.13789812732 527.782362719 179 407 35 168.995285732 31.2320282094 103 93
"yes" "cells_est/ip_cas-fitc_wap-cy5.mdb/20070410_19.lsm" 1 1.30407308854 516.071842172 319 414 23 142.882946727 25.5908138739 83 73
"yes" "cells_est/ip_cas-fitc_wap-cy5.mdb/20070410_19.lsm" 2 1.62711864407 506.596367609 378 264 30 145.263423531 30.8537017042 83 73
"yes" "cells_est/ip_cas-fitc_wap-cy5.mdb/20070410_19.lsm" 3 1.36285101995 482.153106855 227 117 37 144.8441393 28.303182334 83 73
"yes" "cells_est/ip_cas-fitc_wap-cy5.mdb/20070410_19.lsm" 4 1.68297489501 447.635229827 157 345 41 147.442184309 30.6021504714 83 73
"yes" "cells_est/ip_cas-fitc_wap-cy5.mdb/20070410_20.lsm" 1 2.68184993951 559.780051338 222 202 19 118.925511478 25.6145501353 71 58
"yes" "cells_est/ip_cas-fitc_wap-cy5.mdb/20070410_21.lsm" 1 2.41127459193 561.238422413 404 136 22 148.03829338 35.2090321071 79 67
"yes" "cells_est/ip_cas-fitc_wap-cy5.mdb/20070410_21.lsm" 2 2.91923173598 419.863051137 98 332 23 122.210933418 24.9233245773 79 67
"yes" "cells_est/ip_cas-fitc_wap-cy5.mdb/20070410_23.lsm" 1 3.02050742918 559.99817042 261 231 21 111.418632458 24.9446784003 68 55
"yes" "cells_est/ip_cas-fitc_wap-cy5.mdb/20070410_24.lsm" 1 3.41465466728 555.00101329 342 384 19 98.9487655573 19.8348814507 64 55
"yes" "cells_est/ip_cas-fitc_wap-cy5.mdb/20070410_24.lsm" 2 3.07009784966 577.069660192 274 113 19 121.077632572 29.8385107126 64 55
"yes" "cells_est/ip_cas-fitc_wap-cy5.mdb/20070410_25.lsm" 1 2.39242784799 495.325228706 100 239 18 70.751522002 14.8651464835 48 40
"yes" "cells_est/ip_cas-fitc_wap-cy5.mdb/20070410_25.lsm" 2 2.95837852171 476.311863606 397 285 19 93.4088202247 22.6977465466 48 40
"yes" "cells_est/ip_cas-fitc_wap-cy5.mdb/20070626_451.lsm" 1 6.01035896207 378.210786573 326 229 13 105.366225477 26.978032784 58 53
"yes" "cells_est/ip_cas-fitc_wap-cy5.mdb/20070411_13.lsm" 1 2.64769723254 507.242181207 287 229 20 150.48279264 32.5870705312 85 74
"yes" "cells_est/ip_cas-fitc_wap-cy5.mdb/20070411_14.lsm" 1 1.13792886729 477.505038248 90 265 25 170.627407562 37.3315163956 81 74
"yes" "cells_est/ip_cas-fitc_wap-cy5.mdb/20070411_14.lsm" 2 2.80573300867 524.949478065 375 264 30 126.777508385 22.1262305906 81 74
"yes" "cells_est/ip_cas-fitc_wap-cy5.mdb/20070411_26.lsm" 1 5.51806133331 241.314768464 112 215 14 77.4376211557 19.0218691159 41 39
"yes" "cells_est/ip_cas-fitc_wap-cy5.mdb/20070411_26.lsm" 2 5.62625861436 248.425124185 394 225 14 77.497832351 17.9239657296 41 39
"yes" "cells_est/ip_cas-fitc_wap-cy5.mdb/20070411_27.lsm" 1 3.78054029064 375.730516956 245 196 15 84.7119520528 18.7791668326 46 42
"yes" "cells_est/ip_cas-fitc_wap-cy5.mdb/20070411_28.lsm" 1 3.4188219295 346.715783567 301 222 13 50.9108716729 12.1337800661 27 25
"yes" "cells_est/ip_cas-fitc_wap-cy5.mdb/20070411_29.lsm" 1 2.65632165349 461.601443155 290 245 19 137.188429809 32.7322412746 75 68
"yes" "cells_est/ip_cas-fitc_wap-cy5.mdb/20070411_30.lsm" 1 3.3225581721 474.871895153 258 227 19 110.398603249 24.8744345914 60 56
"yes" "cells_est/ip_cas-fitc_wap-cy5.mdb/20070411_31.lsm" 1 2.80185875707 525.061585538 249 268 21 98.4561269744 21.6506585932 54 49
"yes" "cells_est/ip_cas-fitc_wap-cy5.mdb/20070411_32.lsm" 1 3.18280335075 456.958389572 264 219 18 111.08208734 25.5385085134 61 55
"yes" "cells_est/ip_cas-fitc_wap-cy5.mdb/20070411_33.lsm" 1 2.93316066584 462.808944836 263 231 21 103.874411849 25.9089338389 57 53
"yes" "cells_est/ip_cas-fitc_wap-cy5.mdb/20070411_34.lsm" 1 3.19362307886 534.135012999 271 248 19 151.548802519 34.8285724028 86 76
"yes" "cells_est/ip_cas-fitc_wap-cy5.mdb/20070411_35.lsm" 1 2.2887886375 601.442971811 265 247 23 140.287327714 28.8501169976 78 70
"yes" "cells_est/ip_cas-fitc_wap-cy5.mdb/20070411_36.lsm" 1 2.94708784562 605.712684207 314 124 18 156.033318115 36.8333473794 79 71
"yes" "cells_est/ip_cas-fitc_wap-cy5.mdb/20070411_36.lsm" 2 4.51508971219 679.217027723 239 375 20 130.325989748 27.8706633049 79 71
"yes" "cells_est/ip_cas-fitc_wap-cy5.mdb/20070411_37.lsm" 1 2.42958860058 591.909429189 96 282 23 144.748393086 30.9227296367 79 71
"yes" "cells_est/ip_cas-fitc_wap-cy5.mdb/20070411_37.lsm" 2 2.80442377882 581.68546708 400 339 23 139.448437494 29.0431898917 79 71
"yes" "cells_est/ip_cas-fitc_wap-cy5.mdb/20070411_38.lsm" 1 2.40416683034 504.804178243 257 130 19 76.2643592292 17.6365391614 39 35
"yes" "cells_est/ip_cas-fitc_wap-cy5.mdb/20070411_38.lsm" 3 3.06840726715 512.994095843 156 386 19 68.3523335946 14.8016306305 39 35
"yes" "cells_est/ip_cas-fitc_wap-cy5.mdb/20070411_39.lsm" 1 2.89427726796 538.522959725 276 218 18 94.3289880763 20.7295221561 52 48
"yes" "cells_est/ip_cas-fitc_wap-cy5.mdb/20070411_40.lsm" 1 2.72038878057 502.503205848 380 163 19 142.071132502 33.4117821627 72 65
"yes" "cells_est/ip_cas-fitc_wap-cy5.mdb/20070411_40.lsm" 2 4.68066893127 514.375349015 155 348 21 119.130671506 24.2289027871 72 65
"yes" "cells_est/ip_cas-fitc_wap-cy5.mdb/20070411_41.lsm" 1 3.22531445694 454.819917791 109 120 21 129.568866153 28.4349267256 72 65
"yes" "cells_est/ip_cas-fitc_wap-cy5.mdb/20070411_41.lsm" 2 3.58519164898 456.7894886 156 331 21 134.375889554 31.4371674243 72 65
"yes" "cells_est/ip_cas-fitc_wap-cy5.mdb/20070411_41.lsm" 3 3.39506784941 473.963409765 440 364 22 128.639478345 28.4801245238 72 65
"yes" "cells_est/ip_cas-fitc_wap-cy5.mdb/20070411_42.lsm" 1 2.57103638139 892.778146611 109 275 21 73.2515210206 15.5093035503 42 38
"yes" "cells_est/ip_cas-fitc_wap-cy5.mdb/20070411_42.lsm" 2 2.27578188082 496.849546457 424 336 23 72.6307631392 14.5061312201 42 38
"yes" "cells_est/ip_cas-fitc_wap-cy5.mdb/20070411_42.lsm" 3 2.43511241499 453.118171798 194 134 24 83.1296683911 19.483169785 42 38
"yes" "cells_est/ip_cas-fitc_wap-cy5.mdb/20070411_43.lsm" 1 2.197237092 579.265315322 294 95 21 80.0778551678 16.0728678584 45 40
"yes" "cells_est/ip_cas-fitc_wap-cy5.mdb/20070411_43.lsm" 2 2.58960085843 584.433302243 257 402 22 83.1759957988 18.0148074611 45 40
"yes" "cells_est/ip_cas-fitc_wap-cy5.mdb/20070411_44.lsm" 1 2.94368735964 620.985027348 239 253 20 106.681876272 23.2919663208 63 53
"yes" "cells_est/ip_cas-fitc_wap-cy5.mdb/20070626_45.lsm" 1 6.01035896207 378.210786573 326 229 13 105.366225477 26.978032784 58 53
"yes" "cells_est/ip_cas-fitc_wap-cy5.mdb/20070626_46.lsm" 1 2.5025943446 831.631015912 145 97 24 94.6041177283 16.1630376625 54 50
"yes" "cells_est/ip_cas-fitc_wap-cy5.mdb/20070626_46.lsm" 2 2.30297912705 493.972346584 425 397 25 107.553597072 22.7808955826 54 50
"yes" "cells_est/ip_cas-fitc_wap-cy5.mdb/20070626_47.lsm" 1 1.59397780111 384.766956643 327 204 22 153.961822122 28.6408186047 81 76
"yes" "cells_est/ip_cas-fitc_wap-cy5.mdb/20070626_48.lsm" 1 2.63907281158 435.624602721 297 235 19 58.2635814462 11.6409481791 32 28
"yes" "cells_est/ip_cas-fitc_wap-cy5.mdb/20070626_49.lsm" 1 2.6908193373 503.585286966 301 233 19 56.7022652498 11.835949197 31 28
"yes" "cells_est/ip_cas-fitc_wap-cy5.mdb/20070626_50.lsm" 1 2.72531702111 576.625262959 306 228 21 70.8432855954 14.3517146879 39 35
"yes" "cells_est/ip_cas-fitc_wap-cy5.mdb/20070626_51.lsm" 1 1.93218971645 430.241249709 276 246 22 86.3782180221 16.7048972854 46 43
"yes" "cells_est/ip_cas-fitc_wap-cy5.mdb/20070626_52.lsm" 1 1.83997560123 494.958976427 281 247 22 80.3436345753 16.1357985381 43 40
"yes" "cells_est/ip_cas-fitc_wap-cy5.mdb/20070626_53.lsm" 1 2.04029158543 511.471842015 268 274 22 75.5126293053 15.7408278219 41 38
"yes" "cells_est/ip_cas-fitc_wap-cy5.mdb/20070626_54.lsm" 1 2.07912429564 479.869052283 262 244 21 118.897592758 23.1130081919 64 59
"yes" "cells_est/ip_cas-fitc_wap-cy5.mdb/20070626_55.lsm" 1 1.82090539345 553.607611001 395 365 26 81.1965512363 15.3070907546 45 42
"yes" "cells_est/ip_cas-fitc_wap-cy5.mdb/20070626_55.lsm" 2 1.89958182091 559.792251087 141 144 28 82.1218317742 16.2637545879 45 42
"yes" "cells_est/ip_cas-fitc_wap-cy5.mdb/20070626_56.lsm" 1 1.83000274323 621.191492004 421 250 24 62.7089894469 12.660028602 32 28
"yes" "cells_est/ip_cas-fitc_wap-cy5.mdb/20070626_56.lsm" 2 2.00703451772 465.386051376 333 100 25 45.2563013054 9.49571485412 32 28
"yes" "cells_est/ip_cas-fitc_wap-cy5.mdb/20070626_56.lsm" 3 2.1268091583 586.803620242 421 414 25 67.4401742088 14.87233334 32 28
"yes" "cells_est/ip_cas-fitc_wap-cy5.mdb/20070626_56.lsm" 4 1.80834033299 526.093515737 100 156 27 56.0109300587 10.2418870434 32 28
"yes" "cells_est/ip_cas-fitc_wap-cy5.mdb/20070626_57.lsm" 1 2.23156892156 579.876583532 428 391 23 97.9108328347 22.0492164994 48 43
"yes" "cells_est/ip_cas-fitc_wap-cy5.mdb/20070626_57.lsm" 2 2.23156892156 378.620730781 64 116 23 69.901997149 16.093631363 48 43
"yes" "cells_est/ip_cas-fitc_wap-cy5.mdb/20070626_57.lsm" 3 2.63907281158 555.192547409 210 328 25 90.5898778879 18.8027933426 48 43
"yes" "cells_est/ip_cas-fitc_wap-cy5.mdb/20070626_58.lsm" 1 2.54629290805 498.268841034 326 228 20 90.6984065833 18.7392193573 49 46
"yes" "cells_est/ip_cas-fitc_wap-cy5.mdb/20070626_59.lsm" 1 2.24551622732 532.16201333 305 96 23 98.7507824447 18.6661317326 53 49
"yes" "cells_est/ip_cas-fitc_wap-cy5.mdb/20070626_59.lsm" 2 2.35876835009 489.093857014 304 399 23 101.762136508 20.1365559741 53 49
"yes" "cells_est/ip_cas-fitc_wap-cy5.mdb/20070626_60.lsm" 1 2.09260675428 569.197891372 259 120 25 138.653850258 26.2426205939 73 70
"yes" "cells_est/ip_cas-fitc_wap-cy5.mdb/20070626_60.lsm" 2 2.2887886375 529.759421433 351 395 24 137.599354874 25.1741291502 73 70
"yes" "cells_est/ip_cas-fitc_wap-cy5.mdb/20070626_61.lsm" 1 1.9042721464 623.119983453 369 91 27 145.36604945 25.2594535301 79 76
"yes" "cells_est/ip_cas-fitc_wap-cy5.mdb/20070626_61.lsm" 2 1.83313554323 480.967262825 123 238 27 148.34473758 27.9925471149 79 76
"yes" "cells_est/ip_cas-fitc_wap-cy5.mdb/20070626_61.lsm" 3 1.53570334387 469.759967134 229 432 26 157.351452246 31.2248689869 79 76
"yes" "cells_est/ip_cas-fitc_wap-cy5.mdb/20070626_62.lsm" 1 2.73255614445 642.935172952 97 79 24 135.585623101 25.5990695889 75 71
"yes" "cells_est/ip_cas-fitc_wap-cy5.mdb/20070626_62.lsm" 2 2.11194395293 515.569463999 214 409 24 135.288567089 26.6553672341 75 71
"yes" "cells_est/ip_cas-fitc_wap-cy5.mdb/20070626_62.lsm" 3 2.24830568847 545.46687471 412 103 24 149.507191859 31.7019207371 75 71
"yes" "cells_est/ip_cas-fitc_wap-cy5.mdb/20070626_63.lsm" 1 2.79431238874 609.380113081 333 91 26 138.87658081 28.9036752014 75 69
"yes" "cells_est/ip_cas-fitc_wap-cy5.mdb/20070626_63.lsm" 2 2.57870186491 471.987936613 181 417 26 137.650995017 28.7247625693 75 69
"yes" "cells_est/ip_cas-fitc_wap-cy5.mdb/20070626_64.lsm" 1 2.41604528574 509.78182708 364 334 25 162.547004341 32.3586123513 86 81
"yes" "cells_est/ip_cas-fitc_wap-cy5.mdb/20070626_64.lsm" 2 2.59109947003 502.000524008 207 124 26 162.709389582 32.3860939971 86 81
"yes" "cells_est/ip_cas-fitc_wap-cy5.mdb/20070626_65.lsm" 1 3.32471427734 531.77214693 160 99 25 78.5368281995 16.711664775 42 39
"yes" "cells_est/ip_cas-fitc_wap-cy5.mdb/20070626_65.lsm" 2 2.380340183 506.053948949 350 366 26 77.29196353 17.3622217657 42 39
"yes" "cells_est/ip_cas-fitc_wap-cy5.mdb/20070626_66.lsm" 1 1.79765274237 550.955055808 289 70 30 134.970467183 29.6776238985 64 60
"yes" "cells_est/ip_cas-fitc_wap-cy5.mdb/20070626_66.lsm" 2 1.98981562173 589.894295088 211 268 31 115.787682577 22.0347308386 64 60
"yes" "cells_est/ip_cas-fitc_wap-cy5.mdb/20070626_66.lsm" 3 1.94531707478 522.099410964 138 428 30 111.614175593 21.1788631562 64 60
"yes" "cells_est/ip_cas-fitc_wap-cy5.mdb/20070626_66.lsm" 4 2.94365636563 528.379544341 418 313 33 111.854640501 21.2442196443 64 60
